samples	BAMQC_TOTALREADS	BAMQC_PAIREDREADS	BAMQC_PROPPAIREDREADS	BAMQC_UNMAPREADS	BAMQC_MATEUNMAPREADS	BAMQC_SECONDARYREADS	BAMQC_QUALFAILREADS	BAMQC_READSONTARGET	BAMQC_READSPERSTARTPOINT	BAMQC_AVGREADLENGTH	BAMQC_INSERTMEAN	BAMQC_INSERTSD	BAMQC_SOFTCLIPBASES	BAMQC_HARDCLIPBASES	BAMQC_MISMATCHBASES	run	project	groupID
PROJECT_QUARTZ_0007_Co_P_PE_1151_WG	0.000533	67.5422138836773	64.1651031894934	3.37711069418387	3	6.56660412757974	120	67.5422138836773	1.30181818181818	151	136.666666666667	69.2881094074817	13979	0	261	190913_M00753_0161_000000000-D4F7N	PROJECT_QUARTZ	TB2018001_FFPE_Nextflex_500ng
PROJECT_QUARTZ_0007_Co_P_PE_1438_WG	0.000642	73.8317757009346	65.7320872274143	2.49221183800623	2	5.60747663551402	116	73.8317757009346	1.29234972677596	151	143.186046511628	78.150438054376	16518	0	276	190913_M00753_0161_000000000-D4F7N	PROJECT_QUARTZ	TB2018001_FFPE_Nextflex_200ng
PROJECT_QUARTZ_0007_Co_P_PE_1829_WG	0.002723	75.7253029746603	70.2901211898641	3.01138450238707	15	5.98604480352552	416	75.7253029746603	1.24909090909091	151	155.088449531738	73.2334192560413	55692	0	2974	190913_M00753_0161_000000000-D4F7N	PROJECT_QUARTZ	TB2018001_FFPE_Nextflex_100ng
PROJECT_QUARTZ_0007_Co_P_PE_2154_WG	0.001702	77.0857814336075	70.4465334900118	1.23384253819036	2	7.2855464159812	245	77.0857814336075	1.1747311827957	151	177.665008291874	81.8652204208367	25842	0	1428	190913_M00753_0161_000000000-D4F7N	PROJECT_QUARTZ	TB2018001_FFPE_Nextflex_50ng
PROJECT_QUARTZ_0007_Co_P_PE_2701_WG	0.001503	73.7857618097139	67.7312042581504	1.39720558882236	1	5.78842315369261	286	73.7857618097139	1.21491228070175	151	170.51953125	77.1690489673825	21249	0	927	190913_M00753_0161_000000000-D4F7N	PROJECT_QUARTZ	TB2018001_FFPE_Nextflex_10ng
PROJECT_QUARTZ_0007_Co_P_PE_547_WG	0.07179	66.6987045549519	61.7787992756651	10.8232344337651	284	5.26814319543112	12355	66.6987045549519	1.17291722803321	151	174.838549361988	74.994308509962	930513	0	44801	190913_M00753_0161_000000000-D4F7N	PROJECT_QUARTZ	TB2018001_FFPE_IDT_10ng
PROJECT_QUARTZ_0007_Co_P_PE_683_WG	0.236576	40.9149702421209	36.6808129311511	38.9857804680103	2737	2.71540646557554	41126	40.9149702421209	1.11407426164223	151	187.509519140883	89.3586531636805	2905658	0	124101	190913_M00753_0161_000000000-D4F7N	PROJECT_QUARTZ	TB2018001_FFPE_IDT_50ng
PROJECT_QUARTZ_0007_Co_P_PE_710_WG	0.191036	69.5895014552231	64.1088590632132	8.89047090600724	653	6.73799702673842	28239	69.5895014552231	1.17962323753071	151	171.587431782744	72.913312097279	2732150	0	154714	190913_M00753_0161_000000000-D4F7N	PROJECT_QUARTZ	TB2018001_FFPE_IDT_200ng
PROJECT_QUARTZ_0007_Co_P_PE_711_WG	0.231314	69.8185150920394	63.4107749639019	4.58856792066196	428	8.25112185168213	40114	69.8185150920394	1.15410011791186	151	176.177954937458	70.6230960674312	2971014	0	151882	190913_M00753_0161_000000000-D4F7N	PROJECT_QUARTZ	TB2018001_FFPE_IDT_500ng
PROJECT_QUARTZ_0007_Co_P_PE_720_WG	0.173351	61.1516518508691	55.6477897445068	16.4515924338481	998	5.022757295891	30118	61.1516518508691	1.13155141862897	151	184.86203629323	78.5274991667275	2020013	0	108953	190913_M00753_0161_000000000-D4F7N	PROJECT_QUARTZ	TB2018001_FFPE_IDT_100ng
PROJECT_QUARTZ_0008_Co_P_PE_603_WG	0.11484	89.1553465691397	88.6320097526994	0.956112852664577	144	0.588645071403692	10680	89.1553465691397	1.01108005885666	151	322.64	115.870423551063	152817	0	45960	190913_M00753_0161_000000000-D4F7N	PROJECT_QUARTZ	NA12878_FF_IDT_25ng
PROJECT_QUARTZ_0008_Co_P_PE_745_WG	0.19725	88.0187579214195	87.2973384030418	2.01875792141952	302	0.616476552598226	18435	88.0187579214195	1.01342548273366	151	349.800786780235	140.17925120977	343543	0	90243	190913_M00753_0161_000000000-D4F7N	PROJECT_QUARTZ	NA12878_FF_IDT_50ng
PROJECT_QUARTZ_0008_Co_P_PE_756_WG	0.321007	87.6588361001474	86.6859601192497	1.99839878881146	414	0.684408751211033	31004	87.6588361001474	1.02023871678851	151	297.538973173054	127.254322400903	717953	0	141841	190913_M00753_0161_000000000-D4F7N	PROJECT_QUARTZ	NA12878_FF_IDT_200ng
PROJECT_QUARTZ_0008_Co_P_PE_812_WG	0.243596	87.8269758124107	87.0654690553211	1.84773148984384	327	0.657646266769569	23550	87.8269758124107	1.01535789203915	151	327.495583138703	135.27023996603	463594	0	111643	190913_M00753_0161_000000000-D4F7N	PROJECT_QUARTZ	NA12878_FF_IDT_100ng
PROJECT_QUARTZ_0008_Co_P_PE_818_WG	0.083482	87.1577106442107	86.5300304257205	2.54545890132005	194	0.608514410292039	8088	87.1577106442107	1.00214864194808	151	474.572974618727	145.56910414016	97240	0	45826	190913_M00753_0161_000000000-D4F7N	PROJECT_QUARTZ	NA12878_FF_IDT_1ng
PROJECT_QUARTZ_0008_Co_P_PE_871_WG	0.064837	89.9764023628484	88.1209803044558	0.644693616299335	103	0.652405262427318	5658	89.9764023628484	1.00306057531939	151	474.681389005455	147.671403255543	67845	0	40327	190913_M00753_0161_000000000-D4F7N	PROJECT_QUARTZ	NA12878_FF_Nextflex_25ng
PROJECT_QUARTZ_0008_Co_P_PE_872_WG	0.063767	89.6388414069973	87.4041432088698	0.395188733984663	55	0.682171028902097	5920	89.6388414069973	1.00285984981403	151	482.425692153206	152.138299895237	52483	0	33743	190913_M00753_0161_000000000-D4F7N	PROJECT_QUARTZ	NA12878_FF_Nextflex_200ng
PROJECT_QUARTZ_0008_Co_P_PE_874_WG	0.05558	89.5843828715365	87.3497661029147	0.721482547679021	158	0.651313422094279	5026	89.5843828715365	1.00364853151647	151	465.885450574807	146.100278373835	68736	0	44885	190913_M00753_0161_000000000-D4F7N	PROJECT_QUARTZ	NA12878_FF_Nextflex_100ng
PROJECT_QUARTZ_0008_Co_P_PE_900_WG	0.060578	89.4433622767341	87.1669583016937	0.483673941034699	50	0.739542408134967	5654	89.4433622767341	1.00273901617501	151	495.682508425796	148.062556459212	52941	0	33868	190913_M00753_0161_000000000-D4F7N	PROJECT_QUARTZ	NA12878_FF_Nextflex_50ng
PROJECT_QUARTZ_0008_Co_P_PE_951_WG	0.020039	89.1960676680473	88.3826538250412	0.623783621937222	29	0.683666849643196	1903	89.1960676680473	1.00376277659216	151	519.606683224204	165.004345846267	19692	0	12965	190913_M00753_0161_000000000-D4F7N	PROJECT_QUARTZ	NA12878_FF_Nextflex_1ng
PROJECT_COSMICCRISP_0001_Lv_R_PE_0365_WG	0.151801	86.1041758618191	83.0640114360248	0.436097258911338	327	4.53949578724778	13541	86.1041758618191	1.18230335045953	151	163.929380634735	60.7439916911229	2455513	0	102906	190813_M00146_0081_000000000-D6P63	PROJECT_COSMICCRISP	empty
PROJECT_COSMICCRISP_0001_Lv_R_PE_0370_WG	0.120201	85.9618472392077	82.6058019484031	0.34026339215148	167	5.06069001089841	10382	85.9618472392077	1.16975920118646	151	167.240025752973	61.0870615321274	1823202	0	73447	190813_M00146_0081_000000000-D6P63	PROJECT_COSMICCRISP	empty
PROJECT_COSMICCRISP_0001_Lv_R_PE_0377_WG	0.065301	85.9144576652731	83.2575305125496	0.441034593650939	142	4.0412857383501	6271	85.9144576652731	1.14093386480111	151	179.280011751313	66.387248133871	838026	0	44449	190813_M00146_0081_000000000-D6P63	PROJECT_COSMICCRISP	empty
PROJECT_COSMICCRISP_0001_Lv_R_PE_0395_WG	0.112208	85.1195993155568	81.8114572935976	0.394802509624982	132	4.45066305432768	11260	85.1195993155568	1.10432902435077	151	198.660258635654	76.1976083278106	1122200	0	70314	190813_M00146_0081_000000000-D6P63	PROJECT_COSMICCRISP	empty
PROJECT_COSMICCRISP_0001_Lv_R_PE_0405_WG	0.031733	85.4347209529512	80.5124003403397	0.516812151388145	37	5.07043141209467	2849	85.4347209529512	1.15112526539279	151	181.823915592028	76.4880844565982	472180	0	18886	190813_M00146_0081_000000000-D6P63	PROJECT_COSMICCRISP	empty
PROJECT_COSMICCRISP_0001_Lv_R_PE_0420_WG	0.026941	84.96715043985	79.6926617423258	0.708956608886084	66	5.17798151516276	2464	84.96715043985	1.14136830557494	151	186.049134561697	77.8503446612178	382821	0	19060	190813_M00146_0081_000000000-D6P63	PROJECT_COSMICCRISP	empty
PROJECT_COSMICCRISP_0001_Lv_R_PE_0425_WG	0.042582	84.6883659762341	80.6326616880372	0.443849513879104	66	4.40561739702222	4455	84.6883659762341	1.08669840887176	151	216.287256894049	86.1532797640398	403189	0	28160	190813_M00146_0081_000000000-D6P63	PROJECT_COSMICCRISP	empty
PROJECT_COSMICCRISP_0001_Lv_R_PE_0440_WG	0.049366	80.3002066199409	74.2778430498724	0.700887250334238	117	6.79009844832476	6027	80.3002066199409	1.071148701597	151	215.509291867584	84.0765120110404	369077	0	41226	190813_M00146_0081_000000000-D6P63	PROJECT_COSMICCRISP	empty
PROJECT_COSMICCRISP_0001_Lv_R_PE_0441_WG	0.05584	84.4537965616046	80.0429799426934	0.449498567335244	73	4.43051575931232	5956	84.4537965616046	1.09596076973134	151	217.950202483201	93.3061313376063	566276	0	35554	190813_M00146_0081_000000000-D6P63	PROJECT_COSMICCRISP	empty
PROJECT_COSMICCRISP_0001_Lv_R_PE_0444_WG	0.019461	83.6750423924773	76.989877190278	1.15101998869534	48	5.39026771491701	1904	83.6750423924773	1.08365499800346	151	220.589777718621	90.8555265226668	191360	0	13031	190813_M00146_0081_000000000-D6P63	PROJECT_COSMICCRISP	empty
PROJECT_COSMICCRISP_0001_Lv_R_PE_0446_WG	0.024507	83.4985922389521	75.4559921655037	0.85281756232913	57	5.90443546741747	2388	83.4985922389521	1.07836627140975	151	221.162875929719	88.6767422203166	225930	0	16631	190813_M00146_0081_000000000-D6P63	PROJECT_COSMICCRISP	empty
PROJECT_COSMICCRISP_0001_Lv_R_PE_0477_WG	0.029831	81.0197445610271	73.6113439039925	0.777714458114042	67	5.66859977875365	3739	81.0197445610271	1.04533068039275	151	263.210369433656	106.071667856449	193287	0	22042	190813_M00146_0081_000000000-D6P63	PROJECT_COSMICCRISP	empty
PROJECT_COSMICCRISP_0001_Lv_R_PE_0480_WG	0.020534	81.9811045095938	75.2751534041103	0.842505113470342	50	5.30826921203857	2437	81.9811045095938	1.05635393787261	151	251.543274778818	100.8436811343	155356	0	15415	190813_M00146_0081_000000000-D6P63	PROJECT_COSMICCRISP	empty
PROJECT_COSMICCRISP_0001_Lv_R_PE_0503_WG	0.018463	80.7831879976169	71.326436657098	1.12116124140172	38	6.91653577425121	2064	80.7831879976169	1.04578921534254	151	241.575720972369	94.4534663830927	122564	0	13789	190813_M00146_0081_000000000-D6P63	PROJECT_COSMICCRISP	empty
PROJECT_COSMICCRISP_0001_Lv_R_PE_0504_WG	0.030458	81.1281108411583	74.4139470746602	0.479348611202311	54	6.34972749359774	3668	81.1281108411583	1.04222381575062	151	245.268100043879	88.8972438318092	169858	0	23265	190813_M00146_0081_000000000-D6P63	PROJECT_COSMICCRISP	empty
PROJECT_COSMICCRISP_0001_Lv_R_PE_0507_WG	0.018821	80.7502258115934	69.7040539822539	0.483502470644493	28	7.9007491631688	2045	80.7502258115934	1.04504504504505	151	243.625037798609	94.3386542696439	124223	0	12069	190813_M00146_0081_000000000-D6P63	PROJECT_COSMICCRISP	empty
PROJECT_COSMICCRISP_0002_Ly_R_PE_0396_WG	0.167311	91.9353778293119	90.5194517993437	0.285097811859352	202	1.08480613946483	11201	91.9353778293119	1.08133739200122	151	201.944783015018	71.3735689686136	1150395	0	92248	190813_M00146_0081_000000000-D6P63	PROJECT_COSMICCRISP	empty
PROJECT_COSMICCRISP_0002_Ly_R_PE_0402_WG	0.121951	91.5105247189445	90.0673221211798	0.412460742429336	254	1.30626235127223	8257	91.5105247189445	1.09478589297102	151	194.029030792988	68.2882223240615	998252	0	78475	190813_M00146_0081_000000000-D6P63	PROJECT_COSMICCRISP	empty
PROJECT_COSMICCRISP_0002_Ly_R_PE_0411_WG	0.08617	71.5353371242892	65.272136474411	0.463038180341186	141	13.0463038180341	12887	71.5353371242892	1.08635730776688	151	215.300394182411	137.933889726725	859939	0	70885	190813_M00146_0081_000000000-D6P63	PROJECT_COSMICCRISP	empty
PROJECT_COSMICCRISP_0002_Ly_R_PE_0426_WG	0.072256	70.9685008857396	64.0168290522586	0.424878210806023	94	13.3774357838795	11004	70.9685008857396	1.06576048551357	151	223.363568926437	137.655533163872	639352	0	59842	190813_M00146_0081_000000000-D6P63	PROJECT_COSMICCRISP	empty
PROJECT_COSMICCRISP_0002_Ly_R_PE_0473_WG	0.07448	91.8528464017186	89.7704081632653	0.341031149301826	106	1.3077336197637	4840	91.8528464017186	1.03446138026977	151	239.741180684057	80.8831906924253	256650	0	42656	190813_M00146_0081_000000000-D6P63	PROJECT_COSMICCRISP	empty
PROJECT_COSMICCRISP_0002_Ly_R_PE_0489_WG	0.091456	68.7357855143457	63.979399930021	0.509534639608118	147	14.0723407977607	15257	68.7357855143457	1.03955680502728	151	274.848688958383	176.653687778086	737319	0	82419	190813_M00146_0081_000000000-D6P63	PROJECT_COSMICCRISP	empty
PROJECT_COSMICCRISP_0002_Ly_R_PE_0494_WG	0.101479	70.1130283112762	61.3062801170686	0.684870761438327	183	13.3219680919205	16115	70.1130283112762	1.05493446414804	151	264.592513401193	166.82043940825	924427	0	86071	190813_M00146_0081_000000000-D6P63	PROJECT_COSMICCRISP	empty
PROJECT_COSMICCRISP_0002_Ly_R_PE_0512_WG	0.130051	91.7194023882938	88.8320735711375	0.344480242366456	173	1.34331915940669	8574	91.7194023882938	1.02091803110315	151	268.486500501262	86.3647461487878	358701	0	78690	190813_M00146_0081_000000000-D6P63	PROJECT_COSMICCRISP	empty
PROJECT_COSMICCRISP_0002_Ly_R_PE_0547_WG	0.113047	70.7449114085292	66.0813643882633	0.458216494024609	145	12.1462754429574	18823	70.7449114085292	1.01705390866431	151	319.819058103319	179.963557006133	686735	0	97499	190813_M00146_0081_000000000-D6P63	PROJECT_COSMICCRISP	empty
PROJECT_COSMICCRISP_0002_Ly_R_PE_0558_WG	0.088005	69.8596670643714	64.9167660928356	0.763592977671723	276	12.2936196807	15034	69.8596670643714	1.01810022190574	151	324.014764817549	185.722858869076	596372	0	89079	190813_M00146_0081_000000000-D6P63	PROJECT_COSMICCRISP	empty
PROJECT_COSMICCRISP_0002_Ly_R_PE_0579_WG	0.066137	91.9712112735685	89.8392730241771	0.349274989793913	87	0.938960037497921	4458	91.9712112735685	1.00822144869881	151	322.097278225806	108.419186521726	103658	0	39346	190813_M00146_0081_000000000-D6P63	PROJECT_COSMICCRISP	empty
PROJECT_COSMICCRISP_0002_Ly_R_PE_0583_WG	0.04364	91.6590284142988	89.1636113657195	0.517873510540788	80	1.18698441796517	2896	91.6590284142988	1.00847137130324	151	322.230445709596	108.831588210268	76748	0	29496	190813_M00146_0081_000000000-D6P63	PROJECT_COSMICCRISP	empty
PROJECT_COSMICCRISP_0002_Ly_R_PE_0659_WG	0.063506	91.8842314112052	90.4623185210846	0.481844235190376	103	0.94164330929361	4250	91.8842314112052	1.01147532458527	151	331.449443284621	140.164071711142	105426	0	37360	190813_M00146_0081_000000000-D6P63	PROJECT_COSMICCRISP	empty
PROJECT_COSMICCRISP_0002_Ly_R_PE_0666_WG	0.045273	69.2929560665297	64.8090473350562	0.505820246062775	69	12.5173944735273	8006	69.2929560665297	1.00952564845208	151	355.821487831858	197.436393553864	264937	0	41328	190813_M00146_0081_000000000-D6P63	PROJECT_COSMICCRISP	empty
PROJECT_COSMICCRISP_0002_Ly_R_PE_0675_WG	0.069335	91.8381769668998	90.550227158001	0.478834643397995	111	0.803346073411697	4770	91.8381769668998	1.00882474096137	151	341.651234567901	138.556757080306	105701	0	44145	190813_M00146_0081_000000000-D6P63	PROJECT_COSMICCRISP	empty
PROJECT_COSMICCRISP_0002_Ly_R_PE_0689_WG	0.026918	69.4590980013374	64.6110409391485	0.705847388364663	63	12.5938034029274	4641	69.4590980013374	1.0084142394822	151	360.735523709659	205.162256835483	158184	0	26478	190813_M00146_0081_000000000-D6P63	PROJECT_COSMICCRISP	empty
