samples	total_reads	pct_uniq_reads	reads_start_point	pf_bases	pct_pf_bases	pct_coding	pct_utr	pct_intronic	pct_intergenic	pct_correct_rs	pct_mrna	pct_usable	med_cv_cov	X5to3_bias	rrna_contam	project	groupID	run
PROJECT_WIZARD_0001_Bn_P_PE_324_WT	0.023514	99.9	1.475	0.3550312	84.6	24.5917	16.3039	38.5357	20.5687	98.7291	40.8956	34.6253	1.067277	1.030973	1.2	PROJECT_WIZARD	EPT0068	180810_M00146_0085_000000000-D4HK5
PROJECT_WIZARD_0002_Bn_P_PE_315_WT	0.019347	99.9	1.499	0.2921246	82.7	29.7963	20.2019	31.0689	18.9329	98.7772	49.9982	41.3603	1.024882	0.737263	2.1	PROJECT_WIZARD	EPT0511	180810_M00146_0085_000000000-D4HK5
PROJECT_WIZARD_0003_Bn_P_PE_314_WT	0.014755	99.9	1.573	0.2227854	80.5	37.635	23.5567	19.0156	19.7927	99.2655	61.1917	49.299	1.072982	1.365385	1.8	PROJECT_WIZARD	EPT0518	180810_M00146_0085_000000000-D4HK5
PROJECT_WIZARD_0004_Bn_P_PE_316_WT	0.020112	100	1.506	0.3036912	80.4	25.875	17.8877	37.7657	18.4717	98.8965	43.7626	35.1861	1.085239	2.545455	1.5	PROJECT_WIZARD	EPT0571	180810_M00146_0085_000000000-D4HK5
PROJECT_WIZARD_0005_Bn_P_PE_313_WT	0.01749	100	1.516	0.264099	82.3	27.5608	18.6599	32.7194	21.0599	98.9075	46.2207	38.0737	1.206903	2.071247	2.5	PROJECT_WIZARD	EPT0575	180810_M00146_0085_000000000-D4HK5
PROJECT_WIZARD_0006_Bn_P_PE_298_WT	0.017327	99.9	1.509	0.261532	80.8	19.1729	17.3286	47.2117	16.2867	98.3572	36.5016	29.5213	1.190407	9999	6.6	PROJECT_WIZARD	EPT0580	180810_M00146_0085_000000000-D4HK5
PROJECT_WIZARD_0007_Bn_P_PE_305_WT	0.01709	100	1.461	0.258059	81.7	35.2877	21.2185	26.9417	16.5521	99.0942	56.5062	46.1852	1.087756	1.737006	2.3	PROJECT_WIZARD	EPT0627	180810_M00146_0085_000000000-D4HK5
PROJECT_WIZARD_0008_Bn_P_PE_305_WT	0.015734	100	1.496	0.2375834	83.2	37.4134	22.3614	23.2955	16.9297	99.1404	59.7748	49.7432	1.076494	0.59375	1.6	PROJECT_WIZARD	EPT0633	180810_M00146_0085_000000000-D4HK5
PROJECT_WIZARD_0009_Bn_P_PE_353_WT	0.011087	99.9	1.147	0.1672778	95.1	38.3924	26.8215	16.4836	18.3026	99.3214	65.2139	62.0779	0.848079	0.966667	4.4	PROJECT_WIZARD	EPT0637	181018_M00753_0068_d4wv5
PROJECT_WIZARD_0010_Bn_P_PE_352_WT	0.011571	99.9	1.135	0.1746768	94.3	25.6882	17.385	43.369	13.5577	99.0355	43.0732	40.6319	1.132502	2.190135	2.2	PROJECT_WIZARD	EPT0647	181018_M00753_0068_d4wv5
PROJECT_WIZARD_0011_Bn_P_PE_345_WT	0.010556	99.9	1.089	0.1593654	95.2	24.7034	18.6766	39.2803	17.3398	99.0991	43.3799	41.3151	0.83401	1.006604	2.9	PROJECT_WIZARD	EPT0650	181018_M00753_0068_d4wv5
PROJECT_WIZARD_0012_Bn_P_PE_338_WT	0.015405	99.9	1.523	0.2324192	91.2	23.8381	25.0587	18.4046	32.6987	99.4552	48.8968	44.6159	0.94239	1.375313	8.5	PROJECT_WIZARD	EPT0688	181018_M00753_0068_d4wv5
PROJECT_WIZARD_0013_Bn_P_PE_354_WT	0.014695	99.9	1.146	0.221819	95.2	28.712	22.9114	30.7669	17.6097	99.5108	51.6234	49.1493	1.125087	1.030672	5.2	PROJECT_WIZARD	EPT0689	181018_M00753_0068_d4wv5
PROJECT_WIZARD_0014_Bn_P_PE_372_WT	0.013703	99.5	1.476	0.2059036	96.1	7.9031	39.6312	21.501	30.9648	98.7228	47.5342	45.6806	0.827733	1.28169	35.5	PROJECT_WIZARD	EPT0691	181018_M00753_0068_d4wv5
PROJECT_WIZARD_0015_Bn_P_PE_396_WT	0.011442	99.9	1.056	0.1726534	96.4	19.1716	18.7882	43.431	18.6092	98.388	37.9598	36.6185	0.750303	1.347302	6.2	PROJECT_WIZARD	EPT0714	181018_M00753_0068_d4wv5
PROJECT_WIZARD_0016_Bn_P_PE_347_WT	0.007711	99.8	1.09	0.1163002	95.3	36.7028	29.9151	18.3472	15.0349	99.3014	66.618	63.4946	0.812027	0.815761	7.7	PROJECT_WIZARD	EPT0752	181018_M00753_0068_d4wv5
PROJECT_WIZARD_0018_Bn_P_PE_316_WT	0.012314	99.9	1.401	0.1858508	80.4	27.35	20.8762	34.5942	17.1795	99.2144	48.2263	38.8177	0.759189	1.323529	4.2	PROJECT_WIZARD	EPT0817	181018_M00753_0068_d4wv5
PROJECT_WIZARD_0019_Bn_P_PE_308_WT	0.010499	99.8	1.338	0.1583688	82.5	27.9472	27.07	28.6863	16.2964	99.499	55.0172	45.4435	0.955694	1.454365	12.8	PROJECT_WIZARD	EPT0821	181018_M00753_0068_d4wv5
PROJECT_WIZARD_0020_Bn_P_PE_319_WT	0.011424	99.9	1.44	0.172442	78.5	28.5181	26.4792	26.9819	18.0208	99.1845	54.9974	43.1799	1.009307	3.505495	9.1	PROJECT_WIZARD	EPT0830	181018_M00753_0068_d4wv5
PROJECT_WIZARD_0024_Bn_P_PE_293_WT	0.027661	99.9	1.703	0.4176358	70.6	38.3958	20.5109	22.5964	18.497	99.0224	58.9067	41.5888	1.035222	1.562022	1	PROJECT_WIZARD	EPT0894	181109_M00753_0070_000000000-D4VW3
PROJECT_WIZARD_0025_Bn_P_PE_309_WT	0.026226	99.9	1.698	0.3959824	74.5	35.5566	18.4551	23.7192	22.2691	98.9455	54.0117	40.2849	0.999501	2.231402	0.9	PROJECT_WIZARD	EPT0897	181109_M00753_0070_000000000-D4VW3
PROJECT_WIZARD_0026_Bn_P_PE_299_WT	0.025614	100	1.676	0.3867714	75.5	42.013	22.9778	13.8962	21.113	99.0931	64.9908	49.1194	1.061168	2.295082	1	PROJECT_WIZARD	EPT0903	181109_M00753_0070_000000000-D4VW3
PROJECT_WIZARD_0027_Bn_P_PE_355_WT	0.021731	99.9	1.874	0.3280626	82.1	16.8634	16.9004	26.0343	40.2018	98.5416	33.7639	27.7382	0.889205	1.707254	3	PROJECT_WIZARD	EPT0911	181109_M00753_0070_000000000-D4VW3
PROJECT_WIZARD_0028_Bn_P_PE_292_WT	0.030911	99.9	1.734	0.4665296	67.3	18.9117	18.715	43.6862	18.6871	97.3518	37.6267	25.3518	0.922455	1.326957	7.7	PROJECT_WIZARD	EPT0993	181109_M00753_0070_000000000-D4VW3
PROJECT_WIZARD_0029_Bn_P_PE_308_WT	0.024447	99.9	1.654	0.3690742	73	31.5604	20.1168	29.6262	18.6966	99.2759	51.6772	37.7676	0.92832	0.982619	2	PROJECT_WIZARD	EPT1249	181109_M00753_0070_000000000-D4VW3
PROJECT_WIZARD_0030_Bn_P_PE_329_WT	0.02533	99.9	1.938	0.382332	77	22.8041	20.0201	22.3141	34.8617	99.518	42.8242	32.986	0.991894	1.010101	1.2	PROJECT_WIZARD	EPT1263	181109_M00753_0070_000000000-D4VW3
PROJECT_WIZARD_0031_Bn_P_PE_298_WT	0.024368	100	1.641	0.3679568	75.6	31.7425	21.4599	28.135	18.6626	99.0256	53.2024	40.2669	1.086572	1.642857	1.7	PROJECT_WIZARD	EPT1265	181109_M00753_0070_000000000-D4VW3
PROJECT_WIZARD_0032_Bn_P_PE_302_WT	0.027296	99.9	1.612	0.4121092	77	32.8576	21.544	26.6189	18.9795	99.4383	54.4016	41.92	1.082173	0.922667	1.6	PROJECT_WIZARD	EPT1266	181109_M00753_0070_000000000-D4VW3
PROJECT_WIZARD_0033_Bn_P_PE_304_WT	0.02604	99.9	1.579	0.3931134	78.9	29.3924	18.4245	29.7283	22.4548	98.9433	47.8169	37.7578	1.080815	1.401905	0.6	PROJECT_WIZARD	EPT1297	181109_M00753_0070_000000000-D4VW3
PROJECT_WIZARD_0034_Bn_P_PE_282_WT	0.020472	99.9	1.698	0.3090668	78.3	40.7478	21.2265	17.1119	20.9138	99.4102	61.9743	48.5293	1.046209	1.942623	0.5	PROJECT_WIZARD	EPT1509	181109_M00753_0070_000000000-D4VW3
PROJECT_WIZARD_0035_Bn_P_PE_312_WT	0.029035	99.9	1.764	0.4383832	76.1	37.3549	21.3631	18.9375	22.3445	99.4223	58.718	44.7292	1.097097	1.373107	0.9	PROJECT_WIZARD	EPT1628	181109_M00753_0070_000000000-D4VW3
PROJECT_WIZARD_0036_Bn_P_PE_308_WT	0.028795	99.9	1.689	0.434729	76.5	29.9005	16.8957	32.7285	20.4753	99.1198	46.7962	35.8307	1.118424	5.594595	2.2	PROJECT_WIZARD	EPT1631	181109_M00753_0070_000000000-D4VW3
PROJECT_WIZARD_0037_Bn_P_PE_318_WT	0.026631	99.9	1.634	0.401962	78.3	35.323	21.3062	23.1158	20.255	99.2709	56.6293	44.3799	1.103018	10.685714	0.8	PROJECT_WIZARD	EPT1733	181109_M00753_0070_000000000-D4VW3
PROJECT_WIZARD_0038_Bn_P_PE_315_WT	0.027664	99.9	1.603	0.4176358	78.3	33.9291	20.2135	26.2571	19.6004	99.2296	54.1426	42.4449	1.044261	6	1.6	PROJECT_WIZARD	EPT1766	181109_M00753_0070_000000000-D4VW3
PROJECT_WIZARD_0039_Bn_P_PE_308_WT	0.024622	99.9	1.585	0.3716714	77.6	35.6205	22.8202	24.8822	16.6771	99.4944	58.4407	45.3552	0.960321	1.991228	3.3	PROJECT_WIZARD	EPT1776	181109_M00753_0070_000000000-D4VW3
PROJECT_WIZARD_0040_Bn_P_PE_454_WT	0.02568	100	1.359	0.387768	88.5	22.3968	16.9312	34.8332	25.8387	99.0215	39.328	34.8206	0.941695	1.267952	0.5	PROJECT_WIZARD	EPT1780	181109_M00753_0070_000000000-D4VW3
PROJECT_WIZARD_0041_Bn_P_PE_308_WT	0.025996	100	1.555	0.3925396	79.3	28.9637	16.976	33.9813	20.079	98.9446	45.9397	36.4504	1.097152	3.03706	0.6	PROJECT_WIZARD	EPT1783	181109_M00753_0070_000000000-D4VW3
PROJECT_WIZARD_0042_Bn_P_PE_325_WT	0.029762	100	1.573	0.4494062	79.4	34.0985	20.7384	25.4649	19.6983	99.0967	54.8368	43.5888	1.148592	2.044444	1	PROJECT_WIZARD	EPT1806	181109_M00753_0070_000000000-D4VW3
PROJECT_WIZARD_0044_Bn_P_PE_317_WT	0.02484	99.9	1.594	0.3749028	78.9	37.103	23.2161	19.7563	19.9246	99.3294	60.3191	47.6323	0.984108	0.987013	3	PROJECT_WIZARD	EPT1815	181109_M00753_0070_000000000-D4VW3
PROJECT_WIZARD_0045_Bn_P_PE_312_WT	0.026556	99.9	1.546	0.4009352	77	25.5957	16.0411	38.2173	20.1459	98.3049	41.6367	32.0953	1.187989	3.317338	1.2	PROJECT_WIZARD	EPT1858	181109_M00753_0070_000000000-D4VW3
PROJECT_WIZARD_0050_Bn_P_PE_305_WT	0.029035	99.9	1.63	0.4383832	78.5	37.8813	22.8264	19.0542	20.2381	99.3549	60.7077	47.6599	1.035807	1.127666	0.7	PROJECT_WIZARD	EPT1884	181109_M00753_0070_000000000-D4VW3
PROJECT_WIZARD_0051_Bn_P_PE_302_WT	0.02225	100	1.615	0.335975	77.4	35.5133	25.4351	19.0794	19.9722	99.4286	60.9483	47.2158	0.915747	1.16	5.9	PROJECT_WIZARD	EPT1885	181109_M00753_0070_000000000-D4VW3
PROJECT_WIZARD_0052_Bn_P_PE_266_WT	0.020553	99.9	1.751	0.3103352	70.5	14.619	13.6613	53.3685	18.3512	97.7379	28.2802	19.945	0.696296	0.927273	4.4	PROJECT_WIZARD	EPT1897	181109_M00753_0070_000000000-D4VW3
PROJECT_WIZARD_0055_Bn_P_PE_331_WT	0.026701	99.9	1.563	0.4031096	79.8	40.2691	24.5238	17.2941	17.913	99.4926	64.7929	51.7194	0.930122	2.426367	2.2	PROJECT_WIZARD	EPT1911	181109_M00753_0070_000000000-D4VW3
PROJECT_WIZARD_0056_Bn_P_PE_305_WT	0.019053	99.6	1.893	0.2867188	78.1	19.3653	37.7687	13.5722	29.2937	98.5126	57.134	44.6737	1.117954	1.14937	27.2	PROJECT_WIZARD	EPT1926	181109_M00753_0070_000000000-D4VW3
PROJECT_WIZARD_0057_Bn_P_PE_341_WT	0.017923	99.9	1.678	0.270441	78.9	16.5368	23.0327	29.6481	30.7824	97.9601	39.5695	31.259	0.757819	0.863747	9	PROJECT_WIZARD	EPT1927	181109_M00753_0070_000000000-D4VW3
PROJECT_WIZARD_0058_Bn_P_PE_304_WT	0.026779	99.9	1.588	0.4042572	76.9	30.9798	23.5559	26.2065	19.2579	98.9062	54.5357	41.9384	1.075975	1.024566	5.6	PROJECT_WIZARD	EPT1928	181109_M00753_0070_000000000-D4VW3
PROJECT_WIZARD_0059_Bn_P_PE_319_WT	0.027028	100	1.526	0.4081228	84.5	39.5543	22.8943	18.2832	19.2682	99.3414	62.4486	52.8012	0.978274	0.977273	1.7	PROJECT_WIZARD	EPT1930	181109_M00753_0070_000000000-D4VW3
PROJECT_WIZARD_0060_Bn_P_PE_380_WT	0.027666	99.9	1.509	0.4173942	85.8	15.6215	17.7497	38.5145	28.1143	98.3995	33.3712	28.6558	0.703211	0.974874	7.2	PROJECT_WIZARD	EPT1932	181109_M00753_0070_000000000-D4VW3
PROJECT_WIZARD_0061_Bn_P_PE_347_WT	0.027317	99.9	1.552	0.4123508	81.3	36.2956	23.3582	20.6014	19.7449	99.4911	59.6537	48.5186	0.997096	1.07732	2.4	PROJECT_WIZARD	EPT1934	181109_M00753_0070_000000000-D4VW3
PROJECT_WIZARD_0062_Bn_P_PE_334_WT	0.025491	99.9	1.528	0.3848386	80.9	32.7437	21.4278	27.0867	18.7418	98.8298	54.1715	43.8467	0.978116	0.992958	2.8	PROJECT_WIZARD	EPT1945	181109_M00753_0070_000000000-D4VW3
PROJECT_WIZARD_0063_Bn_P_PE_338_WT	0.027847	99.9	1.48	0.420384	81	28.2878	19.3944	33.761	18.5568	98.5243	47.6822	38.6489	1.160148	9999	1.9	PROJECT_WIZARD	EPT1946	181109_M00753_0070_000000000-D4VW3
PROJECT_WIZARD_0066_Bn_P_PE_341_WT	0.026365	99.9	1.578	0.3977944	84.2	25.1675	26.6346	23.7381	24.4598	99.2387	51.8021	43.6202	0.927497	0.943352	10.1	PROJECT_WIZARD	EPT2006	181109_M00753_0070_000000000-D4VW3
PROJECT_WIZARD_0068_Bn_P_PE_322_WT	0.027424	99.9	1.583	0.4140118	80.6	34.6698	21.9548	21.5654	21.8101	99.3781	56.6246	45.6445	0.993068	0.972886	2	PROJECT_WIZARD	EPT2020	181109_M00753_0070_000000000-D4VW3
PROJECT_WIZARD_0069_Bn_P_PE_322_WT	0.025294	99.9	1.532	0.3819092	80	33.2486	21.2701	27.1859	18.2954	99.1767	54.5187	43.6565	1.030171	1.07334	1.1	PROJECT_WIZARD	EPT2021	181109_M00753_0070_000000000-D4VW3
PROJECT_WIZARD_0070_Bn_P_PE_350_WT	0.030366	100	1.552	0.4585266	80.3	34.6218	21.0074	26.1009	18.2699	99.4253	55.6292	44.6714	1.003504	1.714286	1.4	PROJECT_WIZARD	EPT2025	181109_M00753_0070_000000000-D4VW3
PROJECT_WIZARD_0071_Bn_P_PE_347_WT	0.027337	99.9	1.518	0.4127736	79.4	29.0981	19.9281	30.3514	20.6224	98.9776	49.0262	38.9683	1.017768	1.028335	2	PROJECT_WIZARD	EPT2026	181109_M00753_0070_000000000-D4VW3
PROJECT_WIZARD_0072_Bn_P_PE_328_WT	0.028777	99.9	1.635	0.4344874	78.6	20.3741	18.8615	40.1573	20.6072	99.0779	39.2355	30.8446	0.950143	1	4.5	PROJECT_WIZARD	EPT2043	181109_M00753_0070_000000000-D4VW3
PROJECT_WIZARD_0073_Bn_P_PE_330_WT	0.032259	99.9	1.582	0.4868844	78.7	20.7479	18.704	42.0245	18.5236	98.8413	39.4519	31.0673	1.042248	0.905556	4.4	PROJECT_WIZARD	EPT2044	181109_M00753_0070_000000000-D4VW3
PROJECT_WIZARD_0074_Bn_P_PE_374_WT	0.029867	99.9	1.747	0.4507048	84.3	12.8288	24.7867	28.9889	33.3956	98.6512	37.6155	31.7269	0.761745	1.071984	12	PROJECT_WIZARD	EPT2045	181109_M00753_0070_000000000-D4VW3
PROJECT_WIZARD_0075_Bn_P_PE_326_WT	0.023213	99.9	1.561	0.3504408	78.8	24.5932	19.4219	37.4759	18.509	99.3529	44.0151	34.7001	0.986537	0.943888	3.7	PROJECT_WIZARD	EPT2046	181109_M00753_0070_000000000-D4VW3
PROJECT_WIZARD_0076_Bn_P_PE_321_WT	0.025588	99.9	1.488	0.3863486	80.4	26.1638	18.8249	39.0344	15.9769	99.2412	44.9886	36.1873	0.950681	0.674822	2.9	PROJECT_WIZARD	EPT2047	181109_M00753_0070_000000000-D4VW3
PROJECT_WIZARD_0077_Bn_P_PE_311_WT	0.023083	99.9	1.533	0.3484476	79.5	28.4897	20.3447	33.3347	17.8309	99.1342	48.8344	38.8363	0.995757	1.018349	2.9	PROJECT_WIZARD	EPT2048	181109_M00753_0070_000000000-D4VW3
PROJECT_WIZARD_0078_Bn_P_PE_329_WT	0.025695	99.9	1.597	0.3878586	79.3	33.5391	22.223	23.4578	20.78	99.3002	55.7622	44.2621	0.979714	1.782452	2.2	PROJECT_WIZARD	EPT2049	181109_M00753_0070_000000000-D4VW3
PROJECT_WIZARD_0079_Bn_P_PE_326_WT	0.025511	99.9	1.558	0.3851406	78.9	26.5787	20.4625	34.0128	18.946	99.1728	47.0412	37.1587	0.984122	0.932957	3.7	PROJECT_WIZARD	EPT2050	181109_M00753_0070_000000000-D4VW3
PROJECT_WIZARD_0080_Bn_P_PE_384_WT	0.024789	99.9	1.463	0.374178	80.3	23.0778	17.0646	26.0836	33.7741	98.2094	40.1423	32.2623	1.059605	1.363636	0.8	PROJECT_WIZARD	EPT2053	181109_M00753_0070_000000000-D4VW3
PROJECT_WIZARD_0082_Bn_P_PE_351_WT	0.024584	99.7	1.594	0.3702822	81.5	17.1241	29.0668	29.1356	24.6735	98.4817	46.1909	37.6619	0.870883	1.933649	18.2	PROJECT_WIZARD	EPT2062	181109_M00753_0070_000000000-D4VW3
PROJECT_DEFME_0001_Lv_M_PE_315_WT	0.010675	99.8	1.385	0.1608754	78.9	30.3617	33.0004	22.9029	13.735	99.5831	63.3621	49.9983	0.99307	2.136364	19.4	PROJECT_DEFME	CMP-01-02-SUR-T1	181018_M00753_0068_d4wv5
PROJECT_DEFME_0001_Lv_M_PE_320_WT	0.008365	99.7	1.374	0.1260548	81.9	48.5007	29.3443	10.0362	12.1188	99.6185	77.845	63.7997	0.985636	2.107784	15	PROJECT_DEFME	CMP-01-02-SUR-T2	181018_M00753_0068_d4wv5
PROJECT_DEFME_0002_Lv_M_PE_310_WT	0.012393	99.7	1.425	0.1866964	76.5	33.1284	37.1191	12.5023	17.2502	99.7584	70.2475	53.7789	1.021156	1.075	22.5	PROJECT_DEFME	CMP-01-03-SUR-T1	181018_M00753_0068_d4wv5
PROJECT_DEFME_0003_Lv_M_PE_297_WT	0.012159	99.9	1.573	0.183465	82.2	37.9688	24.9408	11.343	25.7474	99.671	62.9096	51.758	0.837312	1.002823	8.2	PROJECT_DEFME	CMP-01-04-SUR-T4	181018_M00753_0068_d4wv5
PROJECT_DEFME_0003_Lv_M_PE_302_WT	0.011036	99.8	1.543	0.1664624	81.5	37.1156	25.6351	12.5641	24.6853	99.7139	62.7506	51.1666	0.933436	1.086207	9.2	PROJECT_DEFME	CMP-01-04-SUR-T3	181018_M00753_0068_d4wv5
PROJECT_DEFME_0003_Lv_M_PE_307_WT	0.009946	99.9	1.482	0.1500638	78	41.0786	28.8917	11.6393	18.3904	99.4686	69.9703	54.5891	1.018303	0.654904	8.8	PROJECT_DEFME	CMP-01-04-SUR-T1	181018_M00753_0068_d4wv5
PROJECT_DEFME_0003_Lv_M_PE_308_WT	0.013496	99.8	1.381	0.203548	80.4	37.8447	27.5394	21.23	13.3859	99.4595	65.3841	52.5807	0.948683	0.866667	10.9	PROJECT_DEFME	CMP-01-04-SUR-T2	181018_M00753_0068_d4wv5
PROJECT_DEFME_0005_Cc_M_PE_319_WT	0.013267	99.8	1.444	0.2000448	78.1	42.8158	29.8408	13.6754	13.668	99.671	72.6567	56.7495	1.034905	1.542553	11.3	PROJECT_DEFME	CMP-01-06-SUR-T1	181018_M00753_0068_d4wv5
PROJECT_DEFME_0005_Lv_M_PE_317_WT	0.011084	99.9	1.409	0.1672174	80.9	41.293	24.7509	18.0946	15.8614	99.8051	66.0439	53.4358	0.952752	1.284968	5.9	PROJECT_DEFME	CMP-01-06-SUR-T2	181018_M00753_0068_d4wv5
PROJECT_DEFME_0005_Lv_M_PE_322_WT	0.009817	99.9	1.347	0.1481008	82.6	47.2147	30.9611	8.0039	13.8202	99.7298	78.1758	64.5863	1.030606	1.492063	12.5	PROJECT_DEFME	CMP-01-06-SUR-A	181018_M00753_0068_d4wv5
PROJECT_COCKAREL_0012_Ln_P_PE_305_WT	0.075371	99.6	1.921	1.133708	81.8	6.9446	42.0118	38.8761	12.1675	96.8566	48.9564	40.0804	0.957017	0.838862	35.7	PROJECT_COCKAREL	180423	180430_M00146_0074_000000000-D3RD8
PROJECT_COCKAREL_0012_Ln_P_PE_318_WT	0.035537	99.6	1.747	0.5346306	82.6	6.6119	44.726	36.8373	11.8248	97.2503	51.3379	42.4219	0.864601	0.864585	35	PROJECT_COCKAREL	LY_FL_245	180724_M00146_0081_000000000-D4KDT
PROJECT_COCKAREL_0013_Ln_P_PE_283_WT	0.080733	99.7	1.93	1.2161842	77.1	8.6964	38.0773	40.8912	12.3351	97.488	46.7737	36.1091	0.908437	0.930636	32.8	PROJECT_COCKAREL	180423	180430_M00146_0074_000000000-D3RD8
PROJECT_COCKAREL_0014_Ln_P_PE_280_WT	0.069286	99.8	1.796	1.0450106	73.3	7.8781	20.594	55.2971	16.2308	97.477	28.4721	20.8765	1.058468	1.149685	13	PROJECT_COCKAREL	LY_FL_247	180704_M00146_0079_000000000-D4JY4
PROJECT_COCKAREL_0014_Ln_P_PE_300_WT	0.082873	99.2	3.055	1.2424582	81.3	2.9198	63.3859	24.1948	9.4995	96.9172	66.3057	53.9117	1.067688	1.168736	63.9	PROJECT_COCKAREL	180423	180430_M00146_0074_000000000-D3RD8
PROJECT_COCKAREL_0015_Ln_P_PE_307_WT	0.078286	99.5	3.124	1.1769242	82.4	1.4038	63.8627	24.7736	9.9599	95.1389	65.2665	53.8053	0.962481	0.507055	62.1	PROJECT_COCKAREL	180423	180430_M00146_0074_000000000-D3RD8
PROJECT_COCKAREL_0015_Ln_P_PE_312_WT	0.034592	99.4	2.217	0.5194702	82.4	1.9836	57.3769	30.7123	9.9272	94.2282	59.3605	48.929	0.916931	0.852632	52.6	PROJECT_COCKAREL	LY_FL_248	180724_M00146_0081_000000000-D4KDT
PROJECT_COCKAREL_0016_Ln_P_PE_286_WT	0.061362	99.9	1.783	0.9260528	72.1	8.0513	15.255	58.9103	17.7834	97.7011	23.3062	16.8126	1.075541	1.03012	6.4	PROJECT_COCKAREL	LY_FL_249	180704_M00146_0079_000000000-D4JY4
PROJECT_COCKAREL_0016_Ln_P_PE_308_WT	0.089282	99.6	2.431	1.3432658	84.2	4.2008	53.7275	30.4479	11.6238	97.3835	57.9283	48.8173	0.975251	1.028084	51.1	PROJECT_COCKAREL	180423	180430_M00146_0074_000000000-D3RD8
PROJECT_COCKAREL_0018_Ln_P_PE_327_WT	0.035433	99.7	1.528	0.5334528	85.4	6.2412	33.1178	47.3097	13.3314	96.5783	39.3589	33.6454	0.945204	0.714057	27.6	PROJECT_COCKAREL	LY_FL_252	180517_M00753_0047_000000000-D3WJ3
PROJECT_COCKAREL_0019_Ln_P_PE_317_WT	0.043418	99.7	1.706	0.6537394	84.5	4.4837	37.2894	45.6483	12.5786	97.3775	41.7731	35.3315	0.802773	0.844444	32.8	PROJECT_COCKAREL	LY_FL_253	180517_M00753_0047_000000000-D3WJ3
PROJECT_COCKAREL_0020_Ln_P_PE_285_WT	0.056679	99.9	1.689	0.8553546	74.2	11.5427	16.2019	54.9845	17.2709	97.6088	27.7447	20.6106	0.983077	0.88114	8.1	PROJECT_COCKAREL	LY_FL_254	180704_M00146_0079_000000000-D4JY4
PROJECT_COCKAREL_0020_Ln_P_PE_337_WT	0.083309	99.5	2.292	1.2517598	87	5.3533	54.7298	27.4633	12.4535	97.5933	60.0832	52.3167	0.959459	0.813333	54.3	PROJECT_COCKAREL	180423	180430_M00146_0074_000000000-D3RD8
PROJECT_COCKAREL_0021_Ln_P_PE_286_WT	0.067022	99.9	1.656	1.0117604	75.9	9.4555	14.4547	59.3177	16.7721	97.4117	23.9102	18.1589	0.983381	1.232923	6.6	PROJECT_COCKAREL	LY_FL_255	180704_M00146_0079_000000000-D4JY4
PROJECT_COCKAREL_0021_Ln_P_PE_322_WT	0.065775	99.6	2.066	0.9899258	84.4	5.1746	48.2091	33.6926	12.9236	97.4075	53.3838	45.1003	0.953176	1.03252	45.7	PROJECT_COCKAREL	180423	180430_M00146_0074_000000000-D3RD8
PROJECT_COCKAREL_0022_Ln_P_PE_315_WT	0.034735	99.8	1.406	0.5239398	83.1	9.7088	16.6546	57.3002	16.3364	96.287	26.3633	21.9219	0.778175	0.945652	8.9	PROJECT_COCKAREL	LY_FL_256	180724_M00146_0081_000000000-D4KDT
PROJECT_COCKAREL_0022_Ln_P_PE_344_WT	0.081299	99.6	1.848	1.2238248	86.7	4.9899	40.1515	40.9128	13.9458	96.4554	45.1414	39.1486	0.891359	1.280702	37.5	PROJECT_COCKAREL	180423	180430_M00146_0074_000000000-D3RD8
PROJECT_COCKAREL_0023_Ln_P_PE_311_WT	0.035	99.5	1.714	0.526084	81.3	5.9844	37.3322	43.3938	13.2895	96.4452	43.3167	35.2573	0.780091	0.97006	30.5	PROJECT_COCKAREL	LY_FL_257	180724_M00146_0081_000000000-D4KDT
PROJECT_COCKAREL_0023_Ln_P_PE_326_WT	0.043944	99.6	1.808	0.6611686	83.2	4.506	41.0744	41.2945	13.1252	96.6194	45.5804	37.9571	1.136995	0.554687	37.5	PROJECT_COCKAREL	180413	180517_M00753_0047_000000000-D3WJ3
PROJECT_COCKAREL_0024_Ln_P_PE_305_WT	0.030304	99.5	1.782	0.455416	82.8	6.6298	50.5422	30.8147	12.0134	97.0791	57.172	47.3915	0.78635	0.921053	45.6	PROJECT_COCKAREL	LY_FL_258	180724_M00146_0081_000000000-D4KDT
PROJECT_COCKAREL_0024_Ln_P_PE_316_WT	0.097151	99.7	2.003	1.4627068	82.2	6.6943	43.1705	36.8005	13.3347	97.2628	49.8648	40.9895	0.865398	1.031915	37.7	PROJECT_COCKAREL	LY_FL_258	180430_M00146_0074_000000000-D3RD8
PROJECT_COCKAREL_0025_Ln_P_PE_281_WT	0.037344	99.7	1.709	0.5627166	79.9	5.6563	29.5287	50.8003	14.0147	97.3855	35.185	28.1198	1.176722	2.871642	23.6	PROJECT_COCKAREL	180413	180517_M00753_0047_000000000-D3WJ3
PROJECT_COCKAREL_0026_Ln_P_PE_317_WT	0.032719	99.5	1.67	0.4916862	85	3.5194	39.1862	44.3404	12.9541	96.7291	42.7056	36.337	0.945011	0.716703	34.2	PROJECT_COCKAREL	180413	180517_M00753_0047_000000000-D3WJ3
PROJECT_COCKAREL_0027_Ln_P_PE_282_WT	0.058904	99.9	1.679	0.889239	75.3	9.575	13.7256	61.4746	15.2247	97.1019	23.3007	17.5611	1.017648	0.976556	6.1	PROJECT_COCKAREL	LY_FL_261	180704_M00146_0079_000000000-D4JY4
PROJECT_COCKAREL_0027_Ln_P_PE_344_WT	0.077669	99.6	1.997	1.1690722	84.6	5.375	45.8949	36.8127	11.9174	97.2439	51.2699	43.3759	0.945294	0.740144	42.3	PROJECT_COCKAREL	180423	180430_M00146_0074_000000000-D3RD8
PROJECT_COCKAREL_0030_Ln_P_PE_274_WT	0.064947	99.8	1.947	0.9794162	72.3	3.4242	23.95	59.2664	13.3594	96.6741	27.3742	19.7963	1.027186	0.401914	16.7	PROJECT_COCKAREL	LY_FL_264	180704_M00146_0079_000000000-D4JY4
PROJECT_COCKAREL_0030_Ln_P_PE_328_WT	0.070425	99.4	3.373	1.0575738	85.4	1.1382	69.2041	21.1626	8.4951	95.9097	70.3423	60.1358	1.131499	1.103145	71	PROJECT_COCKAREL	180423	180430_M00146_0074_000000000-D3RD8
PROJECT_GNATS_0004_Br_P_PE_349_WT	0.036313	99.4	4.044	0.545261	87.9	0.4978	86.7994	5.9153	6.7875	97.7778	87.2972	76.7709	1.688466	0	91.1	PROJECT_GNATS	GEN-02038-042	180724_M00146_0081_000000000-D4KDT
PROJECT_PEBBLE_0010_Bn_P_PE_328_WT	0.040985	99	2.714	0.6132714	86.6	8.0456	71.3756	9.7809	10.7979	99.3183	79.4212	68.7967	0.964084	1.109756	73.2	PROJECT_PEBBLE	180515	180517_M00753_0047_000000000-D3WJ3
PROJECT_PEBBLE_0027_Bn_P_PE_320_WT	0.033283	99.9	1.41	0.5021354	86.1	36.9134	27.0698	21.6382	14.3785	99.4106	63.9833	55.1305	1.059393	8.693878	7	PROJECT_PEBBLE	180515	180517_M00753_0047_000000000-D3WJ3
PROJECT_QUINOA_0040_Sk_P_PE_296_WT	0.031526	98.6	4.86	0.4697308	78.7	0.0405	85.2905	4.2463	10.4227	88.8889	85.331	67.2245	1.801219	0	97.6	PROJECT_QUINOA	A01	180517_M00753_0047_000000000-D3WJ3
PROJECT_QUINOA_0043_nn_M_PE_246_WT	0.02592	99.7	2.205	0.3903048	71.9	6.952	52.762	29.1309	11.1552	98.8158	59.7139	42.9347	0.934303	0.958333	47.6	PROJECT_QUINOA	empty	180724_M00146_0081_000000000-D4KDT
PROJECT_QUINOA_0076_Sk_P_PE_284_WT	0.039966	99.3	5.24	0.5998626	78.3	0.1892	87.4465	7.4146	4.9498	94.5055	87.6356	68.6222	1.789031	0	94.1	PROJECT_QUINOA	INS-D-011-AT_2	180724_M00146_0081_000000000-D4KDT
PROJECT_QUINOA_0080_Br_P_PE_332_WT	0.037348	99.5	3.166	0.5613576	85.4	1.6244	76.2026	13.9761	8.1968	97	77.827	66.5098	0.775487	1.0375	76.8	PROJECT_QUINOA	INS-B-016-AT_2	180724_M00146_0081_000000000-D4KDT
PROJECT_QUINOA_0092_Br_P_PE_297_WT	0.030189	99.7	1.713	0.454812	79.1	7.5653	36.8845	40.8243	14.7259	97.0916	44.4498	35.1697	0.868722	3.225	31.3	PROJECT_QUINOA	INS-A-023-AT	180724_M00146_0081_000000000-D4KDT
PROJECT_QUINOA_0096_Sk_M_PE_311_WT	0.010716	99.9	1.416	0.161721	81.4	38.7108	24.1701	17.6553	19.4638	99.3601	62.8809	51.189	0.982777	0.884615	5.4	PROJECT_QUINOA	INS-D-013-C2T	181018_M00753_0068_d4wv5
PROJECT_QUINOA_0100_Br_M_PE_286_WT	0.031545	99.9	1.609	0.4758916	81.6	14.9619	25.293	41.8698	17.8753	98.8395	40.2549	32.8638	0.958917	0.926273	12.1	PROJECT_QUINOA	INS-B-017-EOTT	180517_M00753_0047_000000000-D3WJ3
PROJECT_QUINOA_0100_Br_P_PE_278_WT	0.037611	99.9	1.53	0.5676694	81	11.999	17.7267	54.3943	15.88	98.2286	29.7257	24.1069	0.970024	0.878909	6.2	PROJECT_QUINOA	INS-B-017-AT	180517_M00753_0047_000000000-D3WJ3
PROJECT_QUINOA_0101_Oc_P_PE_284_WT	0.029748	99.2	3.54	0.4458426	79.1	0.9537	83.1907	10.2297	5.6259	97.2136	84.1444	66.5612	0.764156	1.231884	85	PROJECT_QUINOA	INS-A-025-AT	180724_M00146_0081_000000000-D4KDT
PROJECT_QUINOA_0102_nn_M_PE_304_WT	0.010474	99.9	1.486	0.158097	77.4	49.4814	23.1627	10.9981	16.3577	99.6775	72.6441	56.2965	0.993557	2.712838	5.1	PROJECT_QUINOA	INS-E-036-C2T	181018_M00753_0068_d4wv5
PROJECT_QUINOA_0102_nn_M_PE_319_WT	0.008709	99.8	1.429	0.1312492	80	37.9719	31.2915	13.9483	16.7882	99.3044	69.2634	55.4297	0.950513	2.523256	13.8	PROJECT_QUINOA	INS-E-036-ST	181018_M00753_0068_d4wv5
PROJECT_QUINOA_0102_nn_P_PE_283_WT	0.0283	99.4	3.344	0.425065	79.8	1.562	79.975	11.9511	6.512	98.6795	81.537	65.1439	0.937151	18.344828	83.3	PROJECT_QUINOA	INS-E-036-AT	180724_M00146_0081_000000000-D4KDT
PROJECT_QUINOA_0103_Br_M_PE_261_WT	0.029098	99.5	3.061	0.4374772	72.7	3.6152	72.3315	16.3114	7.7419	98.146	75.9467	55.232	0.765916	0.946809	74.1	PROJECT_QUINOA	empty	180724_M00146_0081_000000000-D4KDT
PROJECT_SQUID_010006_Lv_M_PE_302_WT	0.03765	99.7	1.521	0.5669748	82.3	10.7628	29.3273	42.2592	17.6508	97.4939	40.09	32.9987	0.931027	0.945342	21.1	PROJECT_SQUID	PROJECT_SQUID-01-0006-TS	180724_M00146_0081_000000000-D4KDT
PROJECT_SQUID_010040_Ov_P_PE_330_WT	0.037098	99.5	3.262	0.5574316	85.7	1.245	76.0604	10.4524	12.2422	96.3907	77.3054	66.3144	0.858955	0.930736	81.3	PROJECT_SQUID	PROJECT_SQUID-01-0040-TS	180724_M00146_0081_000000000-D4KDT
PROJECT_SQUID_010056_Br_P_PE_310_WT	0.034264	99.1	2.027	0.512796	77.2	6.7392	51.8655	29.981	11.4143	98.0867	58.6047	45.278	1.265741	1.02193	46	PROJECT_SQUID	PROJECT_SQUID-01-0056-TS	180724_M00146_0081_000000000-D4KDT
PROJECT_SQUID_010060_Fa_M_PE_289_WT	0.035921	99.3	3.33	0.5387076	78.1	1.8974	76.3121	14.1475	7.6429	98.4962	78.2096	61.0931	0.879394	1.257143	63.8	PROJECT_SQUID	PROJECT_SQUID-01-0060-TS	180724_M00146_0081_000000000-D4KDT
PROJECT_SQUID_010064_Lu_M_PE_273_WT	0.031381	99.6	1.896	0.4719958	74.9	7.0696	40.8887	39.0081	13.0335	97.1164	47.9583	35.9535	1.215418	1.220588	30.7	PROJECT_SQUID	PROJECT_SQUID-01-0064-TS	180724_M00146_0081_000000000-D4KDT
PROJECT_SQUID_010118_Ut_P_PE_310_WT	0.045273	99.6	1.786	0.6810402	80.6	7.8675	38.8763	38.5749	14.6813	97.872	46.7438	37.7013	1.012725	0.985119	30.5	PROJECT_SQUID	PROJECT_SQUID-01-0118-TS	180517_M00753_0047_000000000-D3WJ3
PROJECT_SQUID_010118_Ut_P_PE_313_WT	0.078356	99.6	2.659	1.1791288	85.3	4.0903	59.6771	24.8446	11.3879	97.4614	63.7674	54.4033	1.014501	1.012346	59	PROJECT_SQUID	180423	180430_M00146_0074_000000000-D3RD8
PROJECT_SQUID_010124_Ov_M_PE_284_WT	0.039207	99.9	1.73	0.5914368	75.5	9.0891	15.6037	55.4265	19.8808	97.2083	24.6928	18.6543	1.101495	0.923617	4.4	PROJECT_SQUID	PROJECT_SQUID-01-0124-TS	180517_M00753_0047_000000000-D3WJ3
PROJECT_SQUID_010124_Ov_M_PE_348_WT	0.087274	99.4	3.877	1.310076	89.3	1.7379	72.6099	14.4778	11.1744	95.6256	74.3478	66.4296	0.847397	1.586822	76.6	PROJECT_SQUID	180423	180430_M00146_0074_000000000-D3RD8
PROJECT_SQUID_010128_Ut_P_PE_302_WT	0.073383	99.8	1.485	1.1069206	84.8	9.3614	25.9012	49.4927	15.2447	98.0814	35.2626	29.933	0.910909	0.837143	18.2	PROJECT_SQUID	180423	180430_M00146_0074_000000000-D3RD8
PROJECT_SQUID_010137_Ov_P_PE_286_WT	0.04153	99.8	1.712	0.6264688	75.7	12.3496	22.3261	48.3325	16.9918	98.3233	34.6757	26.2788	0.907361	0.983333	9.5	PROJECT_SQUID	PROJECT_SQUID-01-0137-TS	180517_M00753_0047_000000000-D3WJ3
PROJECT_SQUID_010137_Ov_P_PE_332_WT	0.037842	99.3	2.849	0.5676392	88.1	2.5183	74.6397	14.2325	8.6095	98.1471	77.158	68.0025	0.795314	1.03442	78.2	PROJECT_SQUID	180423	180507_M00753_0046_000000000-D3T43
PROJECT_SQUID_010192_Fa_M_PE_330_WT	0.032842	99.9	1.333	0.495582	85.5	12.2735	18.2095	48.3087	21.2083	97.2977	30.483	26.0743	0.777778	0.893491	8.5	PROJECT_SQUID	180423	180507_M00753_0046_000000000-D3T43
PROJECT_SQUID_010208_Ut_P_PE_345_WT	0.032916	99.4	3.775	0.494072	86.5	0.4062	86.8607	6.5041	6.229	99.4269	87.2669	75.4908	1.258264	0.567164	89.7	PROJECT_SQUID	PROJECT_SQUID-01-0208-TS	180724_M00146_0081_000000000-D4KDT
PROJECT_SQUID_010213_Ov_M_PE_306_WT	0.038938	99.6	2.482	0.58588	80.3	4.9079	60.8622	24.6973	9.5326	98.0787	65.7701	52.8448	0.988617	2.596244	59.3	PROJECT_SQUID	PROJECT_SQUID-01-0213-TS	180724_M00146_0081_000000000-D4KDT
PROJECT_SQUID_010215_Vg_P_PE_304_WT	0.034485	99.5	3.439	0.5184434	80.6	2.7021	77.0738	13.1888	7.0353	98.8008	79.7759	64.3521	0.955699	0	79.1	PROJECT_SQUID	PROJECT_SQUID-01-0215-TS	180724_M00146_0081_000000000-D4KDT
PROJECT_SQUID_010248_Ut_P_PE_297_WT	0.033139	99.9	1.535	0.499961	78.8	8.3069	16.7421	53.073	21.878	96.9304	25.049	19.7626	0.900135	0.920797	8.6	PROJECT_SQUID	PROJECT_SQUID-01-0248-TS	180507_M00753_0046_000000000-D3T43
PROJECT_SQUID_010263_Ov_P_PE_295_WT	0.041034	99.8	1.829	0.6184658	77	4.7661	38.1963	41.3741	15.6635	96.916	42.9624	33.0872	0.829646	0.987952	29.2	PROJECT_SQUID	180423	180507_M00753_0046_000000000-D3T43
PROJECT_SQUID_010266_Ov_P_PE_280_WT	0.037176	99.9	1.552	0.560965	77.8	9.917	18.3384	50.94	20.8045	97.5518	28.2555	22.0079	0.961214	0.648352	9.2	PROJECT_SQUID	180423	180507_M00753_0046_000000000-D3T43
PROJECT_SQUID_010268_Ov_P_PE_292_WT	0.03614	99.9	1.469	0.5454724	81.6	8.8684	13.8148	50.3441	26.9726	96.3913	22.6832	18.5197	0.867533	0.992958	5.7	PROJECT_SQUID	PROJECT_SQUID-01-0268-TS	180507_M00753_0046_000000000-D3T43
PROJECT_SQUID_010287_Ce_P_PE_247_WT	0.019453	99.3	4.093	0.2917924	67.6	2.3255	68.3745	25.6161	3.6838	99.0944	70.7001	47.8294	5.02086	0	32.2	PROJECT_SQUID	PROJECT_SQUID-01-0287-TS	180810_M00146_0085_000000000-D4HK5
PROJECT_SQUID_010296_Ut_M_PE_282_WT	0.031987	99.7	1.749	0.4818712	78.5	5.2448	35.7431	43.9468	15.0653	96.8907	40.9879	32.1976	0.924974	0.933645	28.2	PROJECT_SQUID	PROJECT_SQUID-01-0296-TS	180507_M00753_0046_000000000-D3T43
PROJECT_SQUID_010300_Ln_M_PE_290_WT	0.030469	99.5	5.08	0.4580132	44.6	0.1258	81.2698	9.737	8.8673	92.5926	81.3956	36.3828	2.944795	0	33.6	PROJECT_SQUID	180423	180507_M00753_0046_000000000-D3T43
PROJECT_SQUID_010301_Ov_P_PE_304_WT	0.030922	99.7	1.598	0.4659256	80.7	8.0446	33.2853	45.1285	13.5417	98.2713	41.3299	33.3809	0.933588	0.77001	27.3	PROJECT_SQUID	PROJECT_SQUID-01-0301-TS	180517_M00753_0047_000000000-D3WJ3
PROJECT_SQUID_010312_Pe_M_PE_298_WT	0.067119	99.8	1.913	1.012002	76	7.5044	29.6785	48.0737	14.7434	98.0199	37.1829	28.2914	0.895544	0.9875	19.1	PROJECT_SQUID	PROJECT_SQUID-01-0312-TS	180704_M00146_0079_000000000-D4JY4
PROJECT_SQUID_010312_Pe_M_PE_392_WT	0.027275	99.4	2.387	0.4097838	84.6	1.5941	66.8814	16.1461	15.3784	97.1487	68.4755	57.9769	0.930667	0.771084	72.1	PROJECT_SQUID	180515	180517_M00753_0047_000000000-D3WJ3
PROJECT_SQUID_010319_Ut_P_PE_304_WT	0.072552	99.9	1.626	1.09475	79.8	11.9183	18.9611	47.1744	21.9463	97.7448	30.8794	24.651	1.10579	0.878788	10.3	PROJECT_SQUID	PROJECT_SQUID-01-0319-TS	180704_M00146_0079_000000000-D4JY4
PROJECT_SQUID_010319_Ut_P_PE_331_WT	0.037845	99.6	1.985	0.569421	82.1	5.4136	51.8243	28.4295	14.3326	97.5	57.2379	47.0466	0.916169	0.832817	50.2	PROJECT_SQUID	180515	180517_M00753_0047_000000000-D3WJ3
PROJECT_SQUID_010341_So_P_PE_305_WT	0.040502	99.8	1.646	0.6104024	80.6	8.0507	32.6259	42.2569	17.0664	97.3405	40.6766	32.8202	0.861181	0.965778	26.7	PROJECT_SQUID	PROJECT_SQUID-01-0341-TS	180517_M00753_0047_000000000-D3WJ3
PROJECT_SQUID_010343_Om_M_PE_303_WT	0.067918	99.8	2.097	1.0236894	79.1	10.2044	42.4217	35.353	12.0208	98.7681	52.6261	41.6326	1.077115	0.94127	32.7	PROJECT_SQUID	PROJECT_SQUID-01-0343-TS	180704_M00146_0079_000000000-D4JY4
PROJECT_SQUID_010343_Om_M_PE_379_WT	0.032942	99.5	2.267	0.4953102	84.6	4.3251	60.5007	19.4081	15.766	98.7411	64.8259	54.8858	0.766965	1	64.1	PROJECT_SQUID	180515	180517_M00753_0047_000000000-D3WJ3
PROJECT_SQUID_010356_Ov_P_PE_293_WT	0.068827	99.8	1.785	1.0380646	77.8	9.9818	25.6301	44.4206	19.9675	97.9324	35.6119	27.7224	1.029971	0.799242	15.9	PROJECT_SQUID	PROJECT_SQUID-01-0356-TS	180704_M00146_0079_000000000-D4JY4
PROJECT_SQUID_010356_Ov_P_PE_469_WT	0.022402	99.4	2.726	0.3363072	93.7	0.5131	75.6201	4.6317	19.2351	99.2095	76.1332	71.3662	1.527905	0	93	PROJECT_SQUID	180515	180517_M00753_0047_000000000-D3WJ3
PROJECT_SQUID_010370_Ov_P_PE_354_WT	0.035874	99.7	1.58	0.540278	84.8	6.2027	36.5348	41.002	16.2606	96.8518	42.7374	36.2572	1.002772	0.873684	33	PROJECT_SQUID	PROJECT_SQUID-01-0370-TS	180517_M00753_0047_000000000-D3WJ3
PROJECT_SQUID_010375_Om_M_PE_308_WT	0.070627	99.6	1.85	1.0631608	78.1	7.3135	31.7302	46.1429	14.8134	97.1731	39.0437	30.5194	1.027561	1.067634	22.8	PROJECT_SQUID	PROJECT_SQUID-01-0375-TS	180704_M00146_0079_000000000-D4JY4
PROJECT_SQUID_010375_Om_M_PE_355_WT	0.036296	99.4	2.251	0.545261	83.9	3.2743	60.7401	24.6212	11.3645	97.3588	64.0144	53.7135	0.983324	1.282143	60.8	PROJECT_SQUID	180515	180517_M00753_0047_000000000-D3WJ3
PROJECT_SQUID_010382_Fa_P_PE_300_WT	0.07917	99.7	2.025	1.1928094	74.6	8.6337	32.2191	42.2363	16.911	97.7871	40.8527	30.5087	1.075855	0.960145	16.7	PROJECT_SQUID	PROJECT_SQUID-01-0382-TS	180704_M00146_0079_000000000-D4JY4
PROJECT_SQUID_010382_Fa_P_PE_386_WT	0.040954	99.3	3.356	0.6146002	90.4	1.106	72.7288	8.7855	17.3798	96.9436	73.8348	66.8008	0.7006	0.814029	85.1	PROJECT_SQUID	180515	180517_M00753_0047_000000000-D3WJ3
PROJECT_SQUID_010384_Ov_P_PE_298_WT	0.08185	99.9	1.688	1.2352706	76.7	9.7145	15.183	50.7809	24.3216	96.9295	24.8975	19.0991	0.967733	1.017857	5	PROJECT_SQUID	PROJECT_SQUID-01-0384-TS	180704_M00146_0079_000000000-D4JY4
PROJECT_SQUID_010384_Ov_P_PE_350_WT	0.038928	99	4.438	0.5822258	89.9	0.2927	77.7429	3.4532	18.5112	96.9466	78.0356	70.2225	0.630606	1.065095	95.6	PROJECT_SQUID	180515	180517_M00753_0047_000000000-D3WJ3
PROJECT_SQUID_010387_Ce_P_PE_317_WT	0.013925	99.1	3.05	0.208531	78.5	0.0353	82.6539	3.7521	13.5587	66.6667	82.6892	64.9806	1.959077	0	98.3	PROJECT_SQUID	180515	180517_M00753_0047_000000000-D3WJ3
PROJECT_SQUID_010396_Ov_P_PE_285_WT	0.025564	99.9	1.883	0.3856842	71.3	7.7691	22.9358	52.8725	16.4226	96.3368	30.7049	21.9121	1.046511	5.009783	9.1	PROJECT_SQUID	PROJECT_SQUID-01-0396-TR	180613_M00753_0048_000000000-D43DT
PROJECT_SQUID_010396_Ov_P_PE_394_WT	0.04042	99.1	4.03	0.605208	92.5	0.1897	79.583	4.068	16.1593	89.3333	79.7727	73.798	1.002754	0.423077	95.4	PROJECT_SQUID	180515	180517_M00753_0047_000000000-D3WJ3
PROJECT_SQUID_010399_Ut_P_PE_261_WT	0.03697	99.8	1.724	0.557341	73.9	9.5048	26.7454	48.867	14.8827	98.2494	36.2502	26.8067	0.727142	0.895349	17.3	PROJECT_SQUID	180515	180517_M00753_0047_000000000-D3WJ3
PROJECT_SQUID_010399_Ut_P_PE_326_WT	0.080214	99.6	2.235	1.2068222	79.2	7.8016	45.4643	34.6685	12.0655	98.1688	53.266	42.1938	0.966842	1.08	34.5	PROJECT_SQUID	PROJECT_SQUID-01-0399-TS	180704_M00146_0079_000000000-D4JY4
PROJECT_SQUID_010405_Fa_P_PE_303_WT	0.074082	99.4	3.465	1.1128398	78.8	2.4103	66.4276	22.555	8.6071	97.5758	68.8379	54.2518	1.221503	1.145379	58.6	PROJECT_SQUID	PROJECT_SQUID-01-0405-TS	180704_M00146_0079_000000000-D4JY4
PROJECT_SQUID_010405_Fa_P_PE_330_WT	0.048147	99	5.266	0.7199076	87.5	0.0156	81.8534	4.3707	13.7603	81.8182	81.869	71.6407	1.591784	0	98.6	PROJECT_SQUID	180515	180517_M00753_0047_000000000-D3WJ3
PROJECT_SQUID_010406_Om_M_PE_281_WT	0.03089	99.9	1.746	0.4660464	75.4	12.6589	21.0876	50.3899	15.8637	98.1291	33.7464	25.4686	1.008909	1.019058	10	PROJECT_SQUID	PROJECT_SQUID-01-0406-TS	180613_M00753_0048_000000000-D43DT
PROJECT_SQUID_010406_Om_M_PE_339_WT	0.05506	99.1	4.707	0.8239768	88.1	0.7289	77.9331	7.0078	14.3301	97.561	78.662	69.3767	0.560087	0.935484	92.6	PROJECT_SQUID	180515	180517_M00753_0047_000000000-D3WJ3
PROJECT_SQUID_010418_So_M_PE_302_WT	0.063687	99.9	1.623	0.9609942	77.3	12.9138	19.5462	50.2781	17.2619	98.1852	32.4599	25.1186	1.055838	0.769231	9.3	PROJECT_SQUID	PROJECT_SQUID-01-0418-TS	180704_M00146_0079_000000000-D4JY4
PROJECT_SQUID_010418_So_M_PE_334_WT	0.039052	98.8	3.556	0.5829506	87.1	1.1398	78.596	8.9009	11.3633	97.1286	79.7358	69.5004	0.699991	0.946278	89.4	PROJECT_SQUID	180515	180517_M00753_0047_000000000-D3WJ3
PROJECT_SQUID_010430_Ov_P_PE_338_WT	0.03285	99	3.006	0.4915352	85.4	1.8763	81.6743	8.9413	7.508	97.7927	83.5506	71.3909	0.802713	0.846818	76.5	PROJECT_SQUID	PROJECT_SQUID-01-0430-TS	180724_M00146_0081_000000000-D4KDT
PROJECT_SQUID_010430_Ov_P_PE_359_WT	0.074823	99.4	3.327	1.123591	86	3.3168	73.4642	15.6996	7.5195	97.8822	76.781	66.085	0.932738	0.783333	69.4	PROJECT_SQUID	PROJECT_SQUID-01-0430-TS	180704_M00146_0079_000000000-D4JY4
PROJECT_SQUID_010430_Ov_P_PE_376_WT	0.029661	99.4	2.716	0.445299	89.9	1.8451	76.2578	9.4417	12.4555	97.1134	78.1029	70.2378	0.861986	0.623529	83.3	PROJECT_SQUID	180515	180517_M00753_0047_000000000-D3WJ3
PROJECT_SQUID_010433_Ov_P_PE_306_WT	0.04616	99.8	1.473	0.6960496	83.4	15.7141	26.2012	40.2016	17.8831	98.3079	41.9153	34.9855	0.985714	0.934066	14.8	PROJECT_SQUID	PROJECT_SQUID-01-0433-TS	180724_M00146_0081_000000000-D4KDT
PROJECT_SQUID_010433_Ov_P_PE_347_WT	0.07826	99.7	1.68	1.1786154	85.9	10.5221	31.8605	34.2905	23.327	98.4287	42.3825	36.4303	0.990425	0.943624	31.4	PROJECT_SQUID	PROJECT_SQUID-01-0433-TS	180704_M00146_0079_000000000-D4JY4
PROJECT_SQUID_010433_Ov_P_PE_361_WT	0.032023	99.6	1.601	0.481841	90.4	8.1143	47.5444	26.6249	17.7164	98.175	55.6587	50.3381	0.94188	0.744848	46.7	PROJECT_SQUID	180515	180517_M00753_0047_000000000-D3WJ3
PROJECT_SQUID_010436_Om_M_PE_298_WT	0.05924	98.9	4.901	0.8848902	85.9	1.0146	81.8598	9.0446	8.0811	98.5836	82.8743	71.1951	0.831912	2.353535	91.2	PROJECT_SQUID	180515	180517_M00753_0047_000000000-D3WJ3
PROJECT_SQUID_010436_Om_M_PE_305_WT	0.06628	99.5	2.56	0.996449	82.5	5.5283	58.933	26.2874	9.2513	98.6018	64.4613	53.2147	1.058504	1.013699	58.3	PROJECT_SQUID	PROJECT_SQUID-01-0436-TS	180704_M00146_0079_000000000-D4JY4
PROJECT_SQUID_010436_Om_M_PE_326_WT	0.036775	99.1	2.24	0.5506668	85.5	5.0835	64.284	22.0393	8.5933	98.5676	69.3675	59.3412	1.018309	1.062323	64.3	PROJECT_SQUID	PROJECT_SQUID-01-0436-TS	180724_M00146_0081_000000000-D4KDT
PROJECT_SQUID_010438_Ov_P_PE_303_WT	0.070703	99.5	3.251	1.062436	80.3	2.7572	66.5878	20.5834	10.0717	97.9725	69.3449	55.6893	1.06562	0.986486	68.1	PROJECT_SQUID	PROJECT_SQUID-01-0438-TS	180704_M00146_0079_000000000-D4JY4
PROJECT_SQUID_010438_Ov_P_PE_304_WT	0.053743	99.2	4.567	0.8051622	86.4	0.5774	80.988	8.8626	9.5719	96.5241	81.5654	70.5152	0.733711	0.885633	91.2	PROJECT_SQUID	180515	180517_M00753_0047_000000000-D3WJ3
PROJECT_SQUID_010438_Ov_P_PE_316_WT	0.031862	99.2	2.39	0.4776734	83.9	2.981	67.6001	20.1012	9.3177	98.5608	70.5811	59.2624	0.906668	0.885417	65.6	PROJECT_SQUID	PROJECT_SQUID-01-0438-TS	180724_M00146_0081_000000000-D4KDT
PROJECT_SQUID_010446_Ce_P_PE_266_WT	0.03975	99.9	1.639	0.6001042	77	9.5796	14.3925	53.6265	22.4013	98.6645	23.9721	18.4683	1.089933	1.126427	2.2	PROJECT_SQUID	171124	180517_M00753_0047_000000000-D3WJ3
PROJECT_SQUID_010462_Ch_M_PE_337_WT	0.034713	99.6	4.766	0.522309	65.8	0.5807	85.8238	5.6686	7.9269	98.0583	86.4045	56.8957	1.022569	2.599107	68.4	PROJECT_SQUID	PROJECT_SQUID-01-0462-TS	180724_M00146_0081_000000000-D4KDT
PROJECT_SQUID_010490_Ov_P_PE_308_WT	0.054413	99.8	1.571	0.8205944	80.2	12.5762	23.3087	44.5957	19.5194	98.7401	35.8849	28.7835	1.007227	1.011834	17.4	PROJECT_SQUID	PROJECT_SQUID-01-0490-TS	180704_M00146_0079_000000000-D4JY4
PROJECT_SQUID_010490_Ov_P_PE_341_WT	0.047075	99.5	1.853	0.7078578	84.5	8.2008	48.4168	30.2271	13.1553	98.6954	56.6177	47.8596	0.948231	0.917422	43.7	PROJECT_SQUID	PROJECT_SQUID-01-0490-TS	180724_M00146_0081_000000000-D4KDT
PROJECT_SQUID_010490_Ov_P_PE_342_WT	0.032347	99.5	1.888	0.4862804	88.6	6.3834	54.6125	23.4723	15.5318	98.8624	60.9959	54.0509	0.716706	0.870968	56.5	PROJECT_SQUID	180515	180517_M00753_0047_000000000-D3WJ3
PROJECT_SQUID_010500_So_P_PE_312_WT	0.058101	99.3	3.091	0.8717532	87.3	2.5937	69.3247	16.851	11.2305	97.574	71.9184	62.855	0.700095	0.832383	75.1	PROJECT_SQUID	180515	180517_M00753_0047_000000000-D3WJ3
PROJECT_SQUID_010507_Br_P_PE_350_WT	0.032792	99.6	1.565	0.493619	86.6	7.6177	40.5514	35.2647	16.5661	98.1729	48.1692	41.7375	0.894935	0.950593	37.4	PROJECT_SQUID	180515	180517_M00753_0047_000000000-D3WJ3
PROJECT_SQUID_010545_Br_P_PE_276_WT	0.029595	99.9	1.869	0.4467184	71.5	6.0207	22.3134	54.6473	17.0185	98.0017	28.3341	20.2848	0.931353	0.785098	4.6	PROJECT_SQUID	PROJECT_SQUID-01-0545-TS	180613_M00753_0048_000000000-D43DT
PROJECT_SQUID_010545_Br_P_PE_330_WT	0.037993	99.3	2.727	0.5699948	88.6	1.2076	69.2984	14.8649	14.6292	98.2096	70.506	62.4886	0.912344	1.147727	74.9	PROJECT_SQUID	180515	180517_M00753_0047_000000000-D3WJ3
PROJECT_SQUID_010550_Pa_P_PE_293_WT	0.038159	99.5	1.767	0.5734074	81.9	8.3515	42.0009	36.4343	13.2134	97.6032	50.3524	41.24	1.110707	1.098592	37.9	PROJECT_SQUID	PROJECT_SQUID-01-0550-TS	180724_M00146_0081_000000000-D4KDT
PROJECT_SQUID_010566_Br_P_PE_303_WT	0.034354	99.7	2.046	0.5175374	79.2	4.5763	53.2206	30.9877	11.2154	98.0746	57.7969	45.8223	1.143023	3.182171	47.1	PROJECT_SQUID	PROJECT_SQUID-01-0566-TS	180724_M00146_0081_000000000-D4KDT
PROJECT_SQUID_010590_Tn_P_PE_299_WT	0.036227	99.5	2.877	0.544657	78.6	3.4141	70.4305	18.3704	7.785	97.9034	73.8446	58.0642	1.339129	9999	69.6	PROJECT_SQUID	PROJECT_SQUID-01-0590-TS	180724_M00146_0081_000000000-D4KDT
PROJECT_SQUID_010611_Nk_P_PE_320_WT	0.030829	99.6	2.561	0.4638418	80.5	1.9281	69.2412	18.9284	9.9023	96.2903	71.1692	57.3442	0.875412	5.961111	66.8	PROJECT_SQUID	PROJECT_SQUID-01-0611-TS	180724_M00146_0081_000000000-D4KDT
PROJECT_SQUID_010642_So_M_PE_293_WT	0.034237	99.5	2.504	0.5143966	78.5	2.8039	63.9873	21.456	11.7528	97.2487	66.7912	52.4778	0.905963	1.161765	63.9	PROJECT_SQUID	PROJECT_SQUID-01-0642-TS	180724_M00146_0081_000000000-D4KDT
PROJECT_SQUID_010644_Ln_M_PE_283_WT	0.030374	99.3	2.897	0.4556576	76.1	3.4605	72.5159	17.5281	6.4955	98.427	75.9764	57.8467	0.779194	1.227273	72.7	PROJECT_SQUID	PROJECT_SQUID-01-0644-TS	180724_M00146_0081_000000000-D4KDT
PROJECT_SQUID_030016_Lu_P_PE_371_WT	0.063457	99.2	4.011	0.9512094	89	1.8878	76.4082	9.158	12.546	97.5446	78.296	69.7052	1.286404	1.506369	82.6	PROJECT_SQUID	180423	180430_M00146_0074_000000000-D3RD8
PROJECT_SQUID_030023_Lu_M_PE_304_WT	0.060478	99.8	1.732	0.9122816	76.9	7.0006	23.3493	52.2357	17.4144	97.5135	30.3499	23.3432	1.172297	1.714286	13.6	PROJECT_SQUID	PROJECT_SQUID-03-0023-TS	180704_M00146_0079_000000000-D4JY4
PROJECT_SQUID_030023_Lu_M_PE_321_WT	0.029659	99.2	3.117	0.4445138	89.6	0.666	80.6047	8.4719	10.2574	98.1043	81.2707	72.8917	0.734598	1.239865	90.3	PROJECT_SQUID	180314	180517_M00753_0047_000000000-D3WJ3
PROJECT_SQUID_030026_Lv_M_PE_263_WT	0.037697	99.7	2.235	0.5676392	73.5	9.0435	35.9083	43.162	11.8862	97.9891	44.9518	33.0703	0.995262	0.639098	14.7	PROJECT_SQUID	PROJECT_SQUID-03-0026-TS	180517_M00753_0047_000000000-D3WJ3
PROJECT_SQUID_030031_Bn_M_PE_286_WT	0.032829	99.6	2.753	0.4938304	76	4.407	68.0169	17.3784	10.1977	98.0347	72.4239	55.0987	1.238051	2.510943	67	PROJECT_SQUID	PROJECT_SQUID-03-0031-TS	180724_M00146_0081_000000000-D4KDT
PROJECT_SQUID_030041_Br_P_PE_294_WT	0.035315	99.1	2.5	0.5286208	83	4.1864	68.6107	18.6586	8.5443	98.4499	72.7971	60.4637	0.671706	1.021645	68.5	PROJECT_SQUID	PROJECT_SQUID-03-0041-TS	180724_M00146_0081_000000000-D4KDT
PROJECT_SQUID_030041_Br_P_PE_302_WT	0.058337	99.3	3.434	0.8749846	81.6	2.8252	71.3537	15.4279	10.3932	97.7418	74.1789	60.5805	1.040851	1.144005	76.2	PROJECT_SQUID	PROJECT_SQUID-03-0041-TS	180704_M00146_0079_000000000-D4JY4
PROJECT_SQUID_040014_Ln_M_PE_358_WT	0.034789	99.2	4.525	0.5211614	90.9	0.0928	88.065	2.645	9.1972	94.3662	88.1578	80.1793	1.725786	0	97.7	PROJECT_SQUID	PROJECT_SQUID-04-0014-TS	180724_M00146_0081_000000000-D4KDT
PROJECT_SQUID_050003_Cr_P_PE_275_WT	0.033083	99.9	1.719	0.4990852	77.5	6.6384	14.5539	60.3012	18.5065	97.3909	21.1923	16.4253	0.986752	1.607843	3.2	PROJECT_SQUID	PROJECT_SQUID-05-0003-TS	180517_M00753_0047_000000000-D3WJ3
